          PEN1-5R    PEN1-5L    PEN1-6Ra   PEN1-6Rb   PEN1-6La   PEN1-6Lb   PEN1-7R    PEN1-7L    PEN2-5R    PEN2-5L    PEN2-6Ra   PEN2-6Rb   PEN2-6La   PEN2-6Lb   PEN2-7R    PEN2-7L    EPG-5Ra    EPG-5Rb    EPG-5Rc    EPG-5La    EPG-5Lb    EPG-5Lc    EPG-6Ra    EPG-6Rb    EPG-6La    EPG-6Lb    PEG-5R     PEG-5L     PEG-6R     PEG-6L     Ra         Rb         Rc         Rd         Re         Rf         Rg         
PEN1-5R    0          0          0          1          0          1          0          8          14         0          0          0          4          0          0          8          19         8          2          56         35         36         0          0          64         81         0          0          0          1          0          0          0          0          1          1          2          
PEN1-5L    0          0          4          1          2          2          12         0          0          6          0          1          0          1          10         0          16         20         45         8          8          17         77         59         0          0          0          0          5          0          5          3          0          0          1          3          1          
PEN1-6Ra   1          3          0          8          5          6          3          0          2          0          5          8          5          6          2          0          37         39         26         43         42         53         3          8          6          7          0          0          0          0          0          0          0          0          0          0          0          
PEN1-6Rb   0          2          2          0          2          7          3          1          0          0          4          5          0          5          0          0          33         22         32         36         31         60         5          2          15         7          1          2          0          0          0          0          0          0          0          0          0          
PEN1-6La   1          0          5          10         0          7          2          2          0          0          4          5          5          3          1          0          46         26         28         39         36         48         1          3          11         5          2          3          0          0          0          0          0          0          0          1          3          
PEN1-6Lb   2          2          6          13         10         0          2          1          0          0          0          2          4          7          0          1          41         40         38         45         37         60         4          2          10         9          3          2          0          0          0          0          2          0          0          1          1          
PEN1-7R    0          12         2          2          1          1          0          0          0          8          0          1          0          0          5          0          25         28         45         9          7          14         75         58         0          0          0          0          1          0          1          0          0          0          0          0          2          
PEN1-7L    5          0          1          2          4          3          0          1          10         0          0          0          0          0          0          4          22         9          8          54         34         35         0          0          72         81         0          1          0          3          3          1          2          0          0          1          0          
PEN2-5R    1          0          1          0          0          0          0          4          0          0          1          0          0          0          0          17         0          0          0          24         10         3          0          0          31         45         0          0          0          3          2          1          0          1          0          0          0          
PEN2-5L    0          3          0          0          0          0          2          0          0          0          0          0          0          0          14         0          3          7          33         1          0          0          60         41         0          0          0          0          2          0          1          1          1          0          0          0          1          
PEN2-6Ra   1          0          1          1          1          0          0          0          0          0          0          9          14         5          0          0          36         22         21         34         26         36         0          0          2          4          2          2          0          0          1          1          1          0          0          0          4          
PEN2-6Rb   0          0          4          1          0          3          0          0          0          0          8          0          7          9          0          1          38         21         17         20         27         32         0          0          0          1          3          2          0          0          1          0          0          0          0          0          0          
PEN2-6La   1          0          2          0          2          1          0          0          1          0          10         6          0          11         1          1          38         29         20         36         19         50         0          0          0          4          1          1          0          0          0          0          0          3          0          0          3          
PEN2-6Lb   0          0          4          1          3          3          0          0          1          1          13         5          8          0          2          0          34         27         19         28         32         46         0          0          0          2          4          4          0          0          2          1          1          0          0          0          1          
PEN2-7R    0          3          0          0          1          1          2          0          0          12         1          0          0          1          0          0          4          16         31         0          2          0          58         32         0          0          0          0          4          0          0          0          1          0          0          0          4          
PEN2-7L    0          0          1          0          0          0          0          1          12         0          1          0          0          0          0          0          1          0          0          23         9          9          0          0          40         69         0          0          0          4          2          2          3          1          0          0          0          
EPG-5Ra    2          4          28         15         11         25         3          6          0          0          27         26         34         35         0          0          1          20         14         22         7          48         0          0          0          0          17         11         0          0          2          0          1          0          1          0          3          
EPG-5Rb    1          10         33         16         22         26         9          6          0          0          37         35         28         37         1          0          29         1          39         6          6          27         1          1          0          0          30         5          0          0          0          1          0          3          0          2          1          
EPG-5Rc    0          15         26         17         19         27         11         2          0          12         13         11         20         12         8          0          29         25         0          5          3          9          4          4          0          0          20         1          1          0          1          0          1          2          0          0          4          
EPG-5La    8          1          12         9          17         17         0          6          11         0          26         21         22         35         0          8          21         3          1          2          32         28         0          0          2          4          4          29         0          0          1          2          0          1          1          0          1          
EPG-5Lb    8          4          18         21         17         17         0          12         1          0          45         35         33         35         0          0          15         6          5          40         1          33         0          0          3          3          22         32         0          0          1          2          1          0          1          1          3          
EPG-5Lc    5          2          24         14         18         25         4          5          0          0          22         17         22         29         0          0          35         15         7          43         32         1          0          0          0          0          14         16         0          0          0          0          1          0          0          0          1          
EPG-6Ra    0          28         2          2          0          2          31         0          0          34         0          0          0          0          24         0          0          0          4          0          0          1          1          27         0          0          0          0          19         0          1          0          0          1          0          4          0          
EPG-6Rb    0          16         2          1          0          1          17         0          0          29         0          0          0          0          19         0          0          0          0          0          0          0          25         0          0          0          0          0          17         0          1          1          0          1          0          4          2          
EPG-6La    23         0          0          0          1          0          0          22         26         0          0          0          0          0          0          36         0          0          0          0          2          0          0          0          1          37         0          0          0          13         1          1          1          1          1          3          1          
EPG-6Lb    24         0          2          3          3          1          0          26         42         0          0          0          0          0          0          45         0          0          0          10         2          2          0          0          28         0          0          0          0          30         0          2          2          0          2          0          0          
PEG-5R     0          0          0          2          2          4          0          0          2          2          25         25         25         25         4          1          6          2          3          2          2          5          0          0          1          0          0          4          1          0          0          0          0          0          0          0          0          
PEG-5L     0          0          1          1          3          0          0          0          4          0          26         26         25         22         0          2          0          1          0          2          4          2          0          0          0          0          6          0          0          0          0          0          0          0          0          0          0          
PEG-6R     0          0          0          0          0          0          0          0          0          45         0          2          0          0          48         0          0          0          1          0          0          0          1          1          0          0          0          0          0          0          0          0          0          0          0          0          0          
PEG-6L     3          0          0          0          0          0          0          3          36         0          2          0          0          1          0          55         0          0          0          0          0          0          0          0          1          6          0          1          0          0          0          0          0          0          0          0          0          
Ra         0          6          0          0          0          2          1          1          4          7          4          1          6          1          4          8          6          11         8          8          5          8          3          8          3          6          0          0          0          0          0          37         29         24         12         50         28         
Rb         1          1          0          0          0          0          0          0          3          4          1          1          3          1          2          4          10         6          3          7          2          13         7          9          4          9          0          0          0          0          32         0          40         39         16         47         21         
Rc         0          0          1          2          0          0          0          0          7          8          3          2          0          4          4          6          4          4          5          8          6          6          4          8          6          4          0          0          0          0          39         40         0          20         13         39         20         
Rd         1          1          0          0          0          0          0          0          1          0          0          0          4          0          0          1          7          8          8          6          2          10         5          9          7          3          0          0          0          0          20         32         21         0          20         33         14         
Re         2          0          0          1          0          0          0          3          3          2          0          0          4          0          1          4          10         4          3          8          4          8          0          0          5          10         0          0          0          0          18         17         16         20         0          26         10         
Rf         0          5          0          1          1          0          0          0          6          7          2          1          3          1          4          7          7          9          7          4          8          9          5          10         7          8          0          0          0          0          46         53         37         34         24         0          33         
Rg         1          0          0          0          3          1          0          0          1          4          3          0          4          2          7          3          7          5          1          6          10         12         5          10         11         7          0          0          0          0          37         20         21         16         16         27         0          